Euler1:
139.54673579, 6.21773799, 206.61087276

Quats1:
0.9912518  0.0452076 -0.0299587  0.1203267    
0.6689542  0.7328875 -0.1062678  0.0638998
0.7221049  0.1170505  0.6797368  0.0531171
0.6158370  0.0531506  0.0107826  0.7860047    
0.7328875 -0.6689542  0.0638998  0.1062678    
0.6797368 -0.0531171 -0.7221049  0.1170505    
0.7860047  0.0107826 -0.0531506 -0.6158370    
0.4278380  0.5933724  0.4430870  0.5182060    
0.5634137 -0.5481648 -0.4730457 -0.3978793    
0.3978793  0.4730457 -0.5481648  0.5634137    
0.5933724 -0.4278380  0.5182060 -0.4430870    
0.4730457 -0.3978793  0.5634137  0.5481648    
0.5182060  0.4430870 -0.5933724 -0.4278380    
0.4430870 -0.5182060 -0.4278380  0.5933724    
0.5481648  0.5634137  0.3978793 -0.4730457    
0.0452076 -0.9912518  0.1203267  0.0299587
0.0299587  0.1203267  0.9912518 -0.0452076
0.1203267 -0.0299587 -0.0452076 -0.9912518    
0.0107826 -0.7860047 -0.6158370  0.0531506
0.0531506 -0.6158370  0.7860047 -0.0107825
0.0638998 -0.1062678 -0.7328875 -0.6689542    
0.1062678  0.0638998  0.6689542 -0.7328875    
0.1170505 -0.7221049  0.0531171 -0.6797368    
0.0531171  0.6797368 -0.1170505 -0.7221049


Euler2:
139.95238991, 6.32373518, 206.02301806

Quats2:
0.9910090  0.0462400 -0.0300691  0.1218965   
0.6680525  0.7334458 -0.1074559  0.0649317
0.7220113  0.1188904  0.6794871  0.0534972
0.6145553  0.0539587  0.0114345  0.7869430   
0.7334458 -0.6680525  0.0649317  0.1074559   
0.6794871 -5.3497207 -0.7220113  0.1188904   
0.7869430  0.0114345 -0.0539587 -0.6145553   
0.4264708  0.5946073  0.4426417  0.5182981   
0.5645382 -0.5483673 -0.4727108 -0.3964016   
0.3964016  0.4727108 -0.5483673  0.5645382   
0.5946073 -0.4264708  0.5182981 -0.4426417   
0.4727108 -0.3964016  0.5645382  0.5483673   
0.5182981  0.4426417 -0.5946073 -0.4264708   
0.4426417 -0.5182981 -0.4264708  0.5946073   
0.5483673  0.5645382  0.3964016 -0.4727108   
0.0462400 -0.9910090  0.1218965  0.0300691
0.0300691  0.1218965  0.9910090 -0.0462400
0.1218965 -0.0300691 -0.0462400 -0.9910090   
0.01.1434 -0.7869430 -0.6145553  0.0539587
0.0539587 -0.6145553  0.7869430 -0.0114345
0.0649317 -0.1074559 -0.7334458 -0.6680525   
0.1074559  0.0649317  0.6680525 -0.7334458   
0.1188904 -0.7220113  0.05.3497 -0.6794871   
0.0534972  0.6794871 -0.1188904 -0.7220113

Disorientation quaternion:
0.9999981 -0.0010005  0.0016111  0.0000634

Disorientation axis:
-0.527259  0.849045   0.033461

Disorientation angle:
0.217453

2*1
 [ 0.9999982 -0.0010005 -0.0016112  0.0000635]
 [ 0.9999982 -0.0010005  0.0016112 -0.0000635]
 [ 0.9999982  0.0010005 -0.0016112 -0.0000635]
 [ 0.9999982  0.0010005  0.0016112  0.0000635]

1*2
 [ 0.9999982  0.0010005  0.0016112 -0.0000635]
 [ 0.9999982  0.0010005 -0.0016112  0.0000635]
 [ 0.9999982 -0.0010005  0.0016112  0.0000635]
 [ 0.9999982 -0.0010005 -0.0016112 -0.0000635]